dirtyCache=false
sortingAscending=true
sortingColumn=-1
table_col_0=0.01367054
table_col_1=0.32946002
table_col_2=0.32946002
table_col_3=0.32877648
