dirtyCache=false
sortingAscending=true
sortingColumn=-1
table_col_0=1.1764706
table_col_1=0.88235295
table_col_2=0.88235295
table_col_3=0.88235295
