dirtyCache=false
sortingAscending=true
sortingColumn=-1
table_col_0=0.03976143
table_col_1=0.33399603
table_col_2=0.33399603
table_col_3=0.33200794
